0 0.15024 0.469952 0.0168269 0.0168269
0 0.528846 0.683894 0.0240385 0.0216346
0 0.955529 0.105769 0.03125 0.0288462
0 0.140625 0.526442 0.0264423 0.0240385
0 0.21875 0.647837 0.0144231 0.0120192
0 0.103365 0.752404 0.0240385 0.0240385
0 0.0444712 0.871394 0.0841346 0.0841346
0 0.722356 0.173077 0.0216346 0.0192308
0 0.685096 0.951923 0.0144231 0.0144231
0 0.305288 0.348558 0.0625 0.0625
0 0.947115 0.852163 0.0192308 0.0168269
0 0.986779 0.304087 0.0120192 0.0120192
0 0.947115 0.176683 0.0192308 0.0168269
0 0.0504808 0.762019 0.0336538 0.0336538
0 0.146635 0.132212 0.0336538 0.0288462
0 0.510817 0.819712 0.0168269 0.0144231
0 0.492788 0.0612981 0.0144231 0.0120192
0 0.645433 0.0192308 0.0168269 0.0144231
0 0.451923 0.102163 0.0144231 0.0120192
0 0.401442 0.580529 0.0336538 0.03125
0 0.762019 0.0432692 0.0192308 0.0192308
0 0.0348558 0.741587 0.0120192 0.0120192
0 0.495192 0.872596 0.0528846 0.0480769
0 0.302885 0.173077 0.0144231 0.0144231
0 0.917067 0.00721154 0.0408654 0.0144231
0 0.295673 0.653846 0.0240385 0.0240385
0 0.760817 0.664663 0.0120192 0.0120192
0 0.788462 0.967548 0.0480769 0.0408654
0 0.453125 0.852163 0.0360577 0.03125
0 0.942308 0.557692 0.115385 0.129808
0 0.0516827 0.204327 0.0216346 0.0192308
0 0.308894 0.367788 0.0360577 0.0336538
0 0.757212 0.709135 0.0288462 0.0288462
0 0.941106 0.290865 0.0216346 0.0192308
0 0.657452 0.0540865 0.0168269 0.0168269
0 0.145433 0.573317 0.03125 0.0264423
0 0.0192308 0.609375 0.0144231 0.0120192
0 0.484375 0.0108173 0.0168269 0.0168269
0 0.515625 0.445913 0.0552885 0.0504808
0 0.286058 0.260817 0.0144231 0.0120192
0 0.909856 0.580529 0.0216346 0.0216346
0 0.53125 0.0661058 0.0144231 0.0120192
0 0.649038 0.298077 0.0144231 0.0144231
0 0.248798 0.354567 0.0504808 0.0456731
0 0.228365 0.286058 0.0144231 0.0144231
0 0.360577 0.0276442 0.0192308 0.0168269
0 0.663462 0.177885 0.0192308 0.0144231
0 0.865385 0.479567 0.0144231 0.0120192
0 0.0817308 0.0372596 0.0240385 0.0216346
0 0.242788 0.585337 0.0192308 0.0168269
0 0.715144 0.954327 0.127404 0.0913462
0 0.427885 0.225962 0.0144231 0.0144231
0 0.53726 0.766827 0.03125 0.0288462
0 0.330529 0.691106 0.0168269 0.0168269
0 0.450721 0.486779 0.0168269 0.0168269
0 0.0600962 0.498798 0.0192308 0.0168269
0 0.389423 0.418269 0.0192308 0.0192308
0 0.179087 0.490385 0.0168269 0.0144231
0 0.444712 0.388221 0.0144231 0.0120192
0 0.659856 0.311298 0.0216346 0.0216346
0 0.768029 0.323317 0.0360577 0.03125
0 0.487981 0.683894 0.0528846 0.0504808
0 0.0564904 0.780048 0.0120192 0.0120192
0 0.914663 0.171875 0.0168269 0.0120192
0 0.151442 0.197115 0.0192308 0.0144231
0 0.235577 0.125 0.0288462 0.0288462
0 0.71274 0.290865 0.0168269 0.0144231
0 0.914663 0.185096 0.0168269 0.0144231
0 0.324519 0.413462 0.0192308 0.0144231
0 0.127404 0.644231 0.0144231 0.0144231
0 0.117788 0.723558 0.0144231 0.0144231
0 0.0600962 0.0685096 0.0144231 0.0120192
0 0.456731 0.266827 0.0144231 0.0144231
0 0.991587 0.164663 0.0168269 0.0168269
0 0.692308 0.753606 0.0144231 0.0120192
0 0.805288 0.213942 0.0144231 0.0144231
0 0.207933 0.1875 0.0168269 0.0144231
0 0.896635 0.623798 0.0432692 0.0408654
0 0.481971 0.078125 0.0168269 0.0168269
0 0.0576923 0.00360577 0.0192308 0.00721154
0 0.213942 0.405048 0.0240385 0.0216346
0 0.626202 0.151442 0.0264423 0.0240385
0 0.614183 0.950721 0.0168269 0.0120192
0 0.832933 0.198317 0.0360577 0.03125
0 0.578125 0.197115 0.146635 0.129808
0 0.230769 0.508413 0.0240385 0.0216346
0 0.110577 0.564904 0.0144231 0.0144231
0 0.262019 0.451923 0.0288462 0.0288462
0 0.223558 0.717548 0.0144231 0.0120192
0 0.457933 0.414663 0.0889423 0.0841346
0 0.307692 0.884615 0.0144231 0.0144231
0 0.764423 0.734375 0.0432692 0.0360577
0 0.487981 0.983173 0.0288462 0.0240385
0 0.163462 0.115385 0.0144231 0.0144231
0 0.957933 0.0204327 0.0168269 0.0168269
0 0.282452 0.00360577 0.0168269 0.00721154
0 0.778846 0.0372596 0.0240385 0.0216346
0 0.326923 0.69351 0.110577 0.0985577
0 0.981971 0.0961538 0.03125 0.0288462
0 0.713942 0.227163 0.0480769 0.0408654
0 0.152644 0.895433 0.305288 0.209135
0 0.543269 0.304087 0.0240385 0.0216346
0 0.364183 0.540865 0.0600962 0.0480769
0 0.0516827 0.932692 0.0168269 0.0144231
0 0.438702 0.710337 0.0552885 0.0504808
0 0.53726 0.418269 0.0168269 0.0144231
0 0.723558 0.78125 0.0144231 0.0144231
0 0.183894 0.360577 0.0985577 0.0865385
0 0.0612981 0.25 0.03125 0.0288462
0 0.873798 0.223558 0.0168269 0.0144231
0 0.139423 0.528846 0.0240385 0.0192308
0 0.888221 0.125 0.0216346 0.0192308
0 0.745192 0.174279 0.0192308 0.0168269
0 0.822115 0.519231 0.0144231 0.0144231
0 0.133413 0.804087 0.0552885 0.0504808
0 0.888221 0.698317 0.0168269 0.0168269
0 0.554087 0.948317 0.0168269 0.0168269
0 0.776442 0.295673 0.0144231 0.0144231
0 0.110577 0.69351 0.0144231 0.0120192
0 0.00721154 0.841346 0.0144231 0.0144231
0 0.776442 0.801683 0.0240385 0.0216346
0 0.460337 0.0985577 0.0168269 0.0144231
0 0.514423 0.239183 0.0192308 0.0168269
0 0.700721 0.0661058 0.0168269 0.0120192
0 0.314904 0.683894 0.0144231 0.0120192
0 0.230769 0.0228365 0.0144231 0.0120192
0 0.0985577 0.850962 0.0384615 0.0336538
0 0.861779 0.413462 0.0168269 0.0144231
0 0.483173 0.167067 0.0192308 0.0168269
0 0.762019 0.895433 0.0480769 0.0408654
0 0.507212 0.347356 0.0192308 0.0168269
0 0.877404 0.390625 0.0144231 0.0120192
0 0.298077 0.152644 0.0144231 0.0120192
0 0.736779 0.663462 0.0168269 0.0144231
0 0.611779 0.739183 0.0168269 0.0120192
0 0.0600962 0.432692 0.0192308 0.0192308
0 0.292067 0.855769 0.0216346 0.0192308
0 0.859375 0.240385 0.0168269 0.0144231
0 0.263221 0.203125 0.0456731 0.0456731
0 0.121394 0.384615 0.0264423 0.0240385
0 0.93149 0.759615 0.0168269 0.0144231
0 0.895433 0.949519 0.0264423 0.0240385
0 0.467548 0.932692 0.0745192 0.0673077
0 0.6875 0.0733173 0.0192308 0.0168269
0 0.341346 0.179087 0.0384615 0.0360577
0 0.699519 0.758413 0.0240385 0.0216346
0 0.102163 0.144231 0.0168269 0.0144231
0 0.304087 0.713942 0.0168269 0.0144231
0 0.38101 0.0372596 0.0216346 0.0216346
0 0.34375 0.604567 0.0865385 0.0745192
0 0.115385 0.915865 0.0144231 0.0144231
0 0.322115 0.424279 0.0192308 0.0168269
0 0.151442 0.516827 0.0240385 0.0192308
0 0.0360577 0.3125 0.0336538 0.0336538
0 0.508413 0.0408654 0.0168269 0.0144231
0 0.752404 0.603365 0.0144231 0.0144231
0 0.669471 0.507212 0.0264423 0.0240385
0 0.615385 0.454327 0.0144231 0.0144231
0 0.53125 0.984375 0.0528846 0.03125
0 0.217548 0.771635 0.0168269 0.0144231
0 0.149038 0.675481 0.0144231 0.0144231
0 0.793269 0.861779 0.0480769 0.0408654
0 0.441106 0.276442 0.0168269 0.0144231
0 0.411058 0.183894 0.0192308 0.0168269
0 0.96274 0.423077 0.0745192 0.245192
0 0.91226 0.352163 0.0216346 0.0216346
0 0.334135 0.638221 0.0192308 0.0168269
0 0.112981 0.49399 0.0240385 0.0216346
0 0.188702 0.103365 0.0216346 0.0192308
0 0.0264423 0.617788 0.0192308 0.0192308
0 0.78726 0.0120192 0.03125 0.0240385
0 0.00600962 0.728365 0.0120192 0.0240385
0 0.495192 0.30649 0.0192308 0.0168269
0 0.503606 0.641827 0.0408654 0.0384615
0 0.126202 0.34375 0.0456731 0.0432692
0 0.65625 0.489183 0.0192308 0.0168269
0 0.485577 0.015625 0.0240385 0.0216346
0 0.236779 0.463942 0.0264423 0.0240385
0 0.522837 0.0300481 0.0168269 0.0168269
0 0.59375 0.340144 0.0192308 0.0168269
0 0.375 0.78726 0.110577 0.103365
0 0.71875 0.981971 0.0192308 0.0168269
0 0.72476 0.310096 0.03125 0.0288462
0 0.292067 0.223558 0.0168269 0.0144231
0 0.134615 0.719952 0.0336538 0.03125
0 0.686298 0.25 0.0216346 0.0192308
0 0.405048 0.71875 0.0168269 0.0144231
0 0.263221 0.239183 0.0168269 0.0168269
0 0.0516827 0.129808 0.0408654 0.0384615
0 0.876202 0.0793269 0.0408654 0.0384615
0 0.558894 0.0649038 0.0216346 0.0192308
0 0.0120192 0.332933 0.0240385 0.03125
0 0.888221 0.185096 0.0408654 0.0336538
0 0.581731 0.362981 0.0240385 0.0240385
0 0.524038 0.127404 0.0144231 0.0144231
0 0.313702 0.188702 0.0216346 0.0168269
0 0.544471 0.929087 0.0216346 0.0168269
0 0.691106 0.78125 0.0168269 0.0144231
0 0.0444712 0.27524 0.03125 0.03125
0 0.65625 0.591346 0.0144231 0.0144231
0 0.157452 0.15625 0.0504808 0.0432692
0 0.201923 0.784856 0.0817308 0.0745192
0 0.424279 0.77524 0.0216346 0.0168269
0 0.590144 0.122596 0.0264423 0.0240385
0 0.588942 0.989183 0.0240385 0.0216346
0 0.75601 0.122596 0.0168269 0.0144231
0 0.522837 0.111779 0.0216346 0.0216346
0 0.895433 0.485577 0.0552885 0.0480769
0 0.956731 0.983173 0.0192308 0.0192308
0 0.25601 0.0612981 0.0264423 0.0264423
0 0.207933 0.117788 0.0216346 0.0192308
0 0.217548 0.0745192 0.0216346 0.0192308
0 0.75601 0.960337 0.0216346 0.0168269
0 0.475962 0.135817 0.0240385 0.0216346
0 0.605769 0.237981 0.0240385 0.0240385
0 0.453125 0.0492788 0.0168269 0.0168269
0 0.640625 0.393029 0.03125 0.03125
0 0.848558 0.046875 0.0288462 0.0264423
0 0.634615 0.270433 0.0192308 0.0168269
0 0.0228365 0.920673 0.03125 0.0288462
0 0.947115 0.247596 0.0192308 0.0192308
0 0.526442 0.346154 0.0144231 0.0144231
0 0.981971 0.855769 0.0264423 0.0240385
0 0.655048 0.210337 0.03125 0.0264423
0 0.927885 0.597356 0.0336538 0.03125
0 0.168269 0.692308 0.0192308 0.0192308
0 0.407452 0.157452 0.0216346 0.0168269
0 0.594952 0.277644 0.0264423 0.0264423
0 0.532452 0.876202 0.0264423 0.0264423
0 0.0228365 0.463942 0.0456731 0.0432692
0 0.0600962 0.570913 0.0384615 0.0360577
0 0.817308 0.0949519 0.0192308 0.0168269
0 0.509615 0.320913 0.0192308 0.0168269
0 0.356971 0.344952 0.0504808 0.0456731
0 0.391827 0.289663 0.0240385 0.0216346
0 0.796875 0.80649 0.0697115 0.0600962
0 0.780048 0.753606 0.0264423 0.0264423
0 0.471154 0.721154 0.0288462 0.0288462
0 0.72476 0.0805288 0.03125 0.0264423
0 0.0192308 0.507212 0.0384615 0.0528846
0 0.675481 0.0336538 0.0384615 0.0336538
0 0.411058 0.503606 0.125 0.112981
0 0.575721 0.0925481 0.0264423 0.0264423
0 0.0516827 0.612981 0.103365 0.110577
0 0.679087 0.290865 0.03125 0.0288462
0 0.0625 0.227163 0.0336538 0.03125
0 0.885817 0.0252404 0.0456731 0.0408654
0 0.935096 0.971154 0.0336538 0.0288462
0 0.342548 0.472356 0.0600962 0.0552885
0 0.692308 0.111779 0.0288462 0.0264423
0 0.341346 0.21274 0.0336538 0.03125
0 0.169471 0.0408654 0.0216346 0.0192308
0 0.69351 0.364183 0.0168269 0.0168269
0 0.0949519 0.620192 0.0456731 0.0432692
0 0.24399 0.548077 0.0408654 0.0384615
0 0.719952 0.0132212 0.03125 0.0264423
0 0.759615 0.078125 0.0336538 0.03125
0 0.0757212 0.722356 0.0168269 0.0168269
0 0.478365 0.320913 0.0288462 0.0264423
0 0.21274 0.432692 0.0552885 0.0528846
0 0.578125 0.177885 0.0216346 0.0192308
0 0.620192 0.361779 0.0384615 0.0360577
0 0.629808 0.580529 0.0432692 0.0408654
0 0.920673 0.771635 0.0673077 0.0625
0 0.644231 0.992788 0.0240385 0.0144231
0 0.317308 0.653846 0.0240385 0.0240385
0 0.0709135 0.430288 0.103365 0.0865385
0 0.135817 0.09375 0.0264423 0.0240385
0 0.471154 0.373798 0.0384615 0.0360577
0 0.75 0.534856 0.0192308 0.0168269
0 0.426683 0.635817 0.112981 0.09375
0 0.617788 0.816106 0.0288462 0.0264423
0 0.969952 0.605769 0.0216346 0.0192308
0 0.269231 0.0817308 0.100962 0.0913462
0 0.768029 0.633413 0.0216346 0.0216346
0 0.594952 0.3125 0.0408654 0.0384615
0 0.665865 0.794471 0.245192 0.223558
0 0.378606 0.921875 0.103365 0.0985577
0 0.78125 0.323317 0.201923 0.185096
0 0.763221 0.515625 0.127404 0.117788
0 0.890625 0.883413 0.0985577 0.09375
