0 0.78125 0.403846 0.0336538 0.0288462
0 0.198317 0.36899 0.0120192 0.0120192
0 0.356971 0.913462 0.0216346 0.0192308
0 0.795673 0.520433 0.0384615 0.03125
0 0.263221 0.126202 0.0264423 0.0216346
0 0.841346 0.209135 0.235577 0.197115
0 0.757212 0.00600962 0.0528846 0.0120192
0 0.314904 0.15625 0.0384615 0.0336538
0 0.140625 0.186298 0.0552885 0.0504808
0 0.418269 0.161058 0.0865385 0.0721154
0 0.784856 0.40625 0.0408654 0.0336538
0 0.913462 0.919471 0.0144231 0.0120192
0 0.391827 0.36899 0.139423 0.127404
0 0.475962 0.0649038 0.0336538 0.0288462
0 0.0576923 0.105769 0.0288462 0.0288462
0 0.620192 0.263221 0.0144231 0.0120192
0 0.521635 0.941106 0.0144231 0.0120192
0 0.996394 0.109375 0.00721154 0.0168269
0 0.0192308 0.00841346 0.0384615 0.0168269
0 0.567308 0.0841346 0.0144231 0.0144231
0 0.0480769 0.176683 0.0192308 0.0168269
0 0.605769 0.890625 0.0144231 0.0120192
0 0.241587 0.0216346 0.0216346 0.0192308
0 0.782452 0.551683 0.03125 0.0264423
0 0.185096 0.109375 0.0144231 0.0120192
0 0.540865 0.205529 0.129808 0.112981
0 0.00480769 0.188702 0.00961538 0.0264423
0 0.698317 0.981971 0.0168269 0.0120192
0 0.0745192 0.965144 0.0288462 0.0264423
0 0.612981 0.5625 0.0144231 0.0144231
0 0.623798 0.00600962 0.03125 0.0120192
0 0.484375 0.554087 0.0504808 0.0504808
0 0.972356 0.358173 0.0216346 0.0144231
0 0.466346 0.894231 0.0144231 0.0144231
0 0.338942 0.447115 0.0144231 0.0144231
0 0.963942 0.417067 0.0432692 0.0408654
0 0.138221 0.889423 0.0168269 0.0144231
0 0.123798 0.109375 0.0216346 0.0168269
0 0.127404 0.205529 0.0144231 0.0120192
0 0.235577 0.0372596 0.0336538 0.03125
0 0.33774 0.0300481 0.0408654 0.0360577
0 0.897837 0.483173 0.0168269 0.0144231
0 0.015625 0.185096 0.0168269 0.0144231
0 0.310096 0.81851 0.0240385 0.0216346
0 0.0432692 0.290865 0.0192308 0.0192308
0 0.375 0.908654 0.0144231 0.0144231
0 0.699519 0.344952 0.0144231 0.0120192
0 0.370192 0.0588942 0.0144231 0.0120192
0 0.508413 0.0204327 0.0168269 0.0168269
0 0.497596 0.947115 0.0288462 0.0288462
0 0.0913462 0.163462 0.0144231 0.0144231
0 0.419471 0.711538 0.0168269 0.0144231
0 0.786058 0.550481 0.0240385 0.0240385
0 0.445913 0.282452 0.0216346 0.0168269
0 0.735577 0.396635 0.0144231 0.0144231
0 0.496394 0.0588942 0.286058 0.117788
0 0.348558 0.99399 0.0144231 0.0120192
0 0.015625 0.171875 0.0168269 0.0120192
0 0.608173 0.0216346 0.0144231 0.0144231
0 0.8125 0.543269 0.0144231 0.0144231
0 0.778846 0.356971 0.0144231 0.0120192
0 0.498798 0.991587 0.0216346 0.0168269
0 0.00480769 0.0228365 0.00961538 0.0360577
0 0.237981 0.159856 0.0192308 0.0168269
0 0.623798 0.151442 0.0168269 0.0144231
0 0.460337 0.518029 0.0168269 0.0120192
0 0.300481 0.770433 0.0432692 0.0360577
0 0.158654 0.634615 0.0144231 0.0144231
0 0.0588942 0.0192308 0.0168269 0.0144231
0 0.808894 0.253606 0.0168269 0.0120192
0 0.78726 0.0600962 0.0216346 0.0192308
0 0.176683 0.856971 0.0168269 0.0168269
0 0.0108173 0.581731 0.0216346 0.0192308
0 0.915865 0.497596 0.0336538 0.0288462
0 0.0480769 0.277644 0.0961538 0.141827
0 0.290865 0.263221 0.0961538 0.0745192
0 0.188702 0.427885 0.0264423 0.0240385
0 0.960337 0.362981 0.0552885 0.0480769
0 0.885817 0.497596 0.0168269 0.0144231
0 0.663462 0.401442 0.0576923 0.0528846
0 0.174279 0.653846 0.0168269 0.0144231
0 0.191106 0.198317 0.0216346 0.0216346
0 0.610577 0.432692 0.0528846 0.0384615
0 0.0108173 0.484375 0.0216346 0.0600962
0 0.420673 0.147837 0.0961538 0.0841346
0 0.241587 0.0985577 0.0552885 0.0480769
0 0.807692 0.901442 0.0432692 0.0384615
0 0.579327 0.294471 0.0192308 0.0168269
0 0.608173 0.151442 0.0144231 0.0144231
0 0.115385 0.729567 0.0192308 0.0168269
0 0.436298 0.80649 0.0168269 0.0168269
0 0.231971 0.00480769 0.0360577 0.00961538
0 0.0841346 0.0973558 0.0288462 0.0264423
0 0.174279 0.390625 0.0168269 0.0168269
0 0.754808 0.0649038 0.0432692 0.0384615
0 0.21274 0.61899 0.0504808 0.0456731
0 0.201923 0.682692 0.0144231 0.0144231
0 0.5625 0.544471 0.0240385 0.0216346
0 0.3125 0.956731 0.0144231 0.0144231
0 0.730769 0.00961538 0.0192308 0.0144231
0 0.481971 0.519231 0.0264423 0.0240385
0 0.824519 0.52524 0.0192308 0.0168269
0 0.198317 0.00841346 0.03125 0.0168269
0 0.330529 0.0576923 0.0168269 0.0144231
0 0.367788 0.391827 0.0192308 0.0192308
0 0.652644 0.223558 0.0168269 0.0144231
0 0.323317 0.399038 0.0216346 0.0192308
0 0.436298 0.774038 0.0168269 0.0144231
0 0.692308 0.536058 0.0625 0.0528846
0 0.217548 0.896635 0.0168269 0.0144231
0 0.0132212 0.353365 0.0216346 0.0192308
0 0.236779 0.235577 0.0360577 0.0336538
0 0.373798 0.0144231 0.03125 0.0288462
0 0.155048 0.313702 0.0168269 0.0168269
0 0.533654 0.385817 0.0336538 0.03125
0 0.961538 0.330529 0.0288462 0.0264423
0 0.463942 0.335337 0.0192308 0.0168269
0 0.126202 0.550481 0.0264423 0.0240385
0 0.169471 0.739183 0.0168269 0.0168269
0 0.790865 0.986779 0.0192308 0.0168269
0 0.331731 0.864183 0.0336538 0.03125
0 0.573317 0.96875 0.0697115 0.0625
0 0.826923 0.465144 0.0192308 0.0168269
0 0.0276442 0.772837 0.0552885 0.0600962
0 0.200721 0.22476 0.0264423 0.0264423
0 0.200721 0.873798 0.0216346 0.0216346
0 0.549279 0.876202 0.132212 0.112981
0 0.213942 0.739183 0.0192308 0.0168269
0 0.945913 0.0949519 0.0264423 0.0216346
0 0.0324519 0.759615 0.0168269 0.0144231
0 0.792067 0.290865 0.0168269 0.0144231
0 0.914663 0.355769 0.0408654 0.0384615
0 0.110577 0.233173 0.0240385 0.0240385
0 0.47476 0.185096 0.0360577 0.0336538
0 0.661058 0.516827 0.0528846 0.0480769
0 0.27524 0.930288 0.0216346 0.0192308
0 0.700721 0.141827 0.0408654 0.0384615
0 0.0480769 0.246394 0.0192308 0.0168269
0 0.364183 0.625 0.0360577 0.0336538
0 0.61899 0.606971 0.0841346 0.0649038
0 0.133413 0.0600962 0.0408654 0.0384615
0 0.114183 0.65024 0.0264423 0.0264423
0 0.954327 0.0576923 0.0384615 0.0336538
0 0.295673 0.977163 0.0240385 0.0216346
0 0.971154 0.233173 0.0576923 0.0817308
0 0.40625 0.794471 0.0192308 0.0168269
0 0.163462 0.242788 0.0288462 0.0288462
0 0.479567 0.759615 0.0360577 0.0336538
0 0.933894 0.882212 0.0360577 0.0336538
0 0.0564904 0.983173 0.0216346 0.0192308
0 0.454327 0.3125 0.0336538 0.0288462
0 0.753606 0.210337 0.0216346 0.0216346
0 0.132212 0.925481 0.0288462 0.0240385
0 0.530048 0.670673 0.0360577 0.0336538
0 0.622596 0.235577 0.0192308 0.0192308
0 0.0288462 0.597356 0.0336538 0.03125
0 0.384615 0.790865 0.0240385 0.0240385
0 0.186298 0.680288 0.0168269 0.0144231
0 0.909856 0.0456731 0.180288 0.0913462
0 0.0829327 0.855769 0.0264423 0.0240385
0 0.135817 0.496394 0.0216346 0.0216346
0 0.105769 0.867788 0.0240385 0.0240385
0 0.0348558 0.971154 0.03125 0.0288462
0 0.980769 0.129808 0.0192308 0.0192308
0 0.746394 0.122596 0.0745192 0.0673077
0 0.96875 0.290865 0.0480769 0.0480769
0 0.721154 0.21875 0.0528846 0.0480769
0 0.698317 0.0492788 0.0697115 0.0649038
0 0.108173 0.126202 0.0240385 0.0216346
0 0.147837 0.015625 0.0456731 0.03125
0 0.481971 0.522837 0.271635 0.242788
0 0.0204327 0.884615 0.0408654 0.0961538
0 0.266827 0.71875 0.0192308 0.0192308
0 0.0709135 0.605769 0.0216346 0.0192308
0 0.603365 0.277644 0.3125 0.28125
0 0.211538 0.566106 0.134615 0.117788
0 0.925481 0.69351 0.149038 0.252404
0 0.383413 0.227163 0.185096 0.151442
0 0.423077 0.760817 0.298077 0.262019
0 0.364183 0.534856 0.141827 0.137019
0 0.16226 0.425481 0.262019 0.240385
0 0.71875 0.748798 0.307692 0.286058
