0 0.627404 0.616587 0.0288462 0.0264423
0 0.0396635 0.0264423 0.0793269 0.0528846
0 0.371394 0.550481 0.0168269 0.0144231
0 0.883413 0.951923 0.103365 0.0913462
0 0.00360577 0.481971 0.00721154 0.0168269
0 0.899038 0.379808 0.0144231 0.0144231
0 0.353365 0.334135 0.0144231 0.0144231
0 0.948317 0.329327 0.0168269 0.0144231
0 0.132212 0.0625 0.0432692 0.0384615
0 0.340144 0.225962 0.0216346 0.0192308
0 0.790865 0.0384615 0.0144231 0.0144231
0 0.451923 0.0612981 0.0144231 0.0120192
0 0.145433 0.147837 0.03125 0.0264423
0 0.99399 0.805288 0.0120192 0.0192308
0 0.856971 0.551683 0.0168269 0.0168269
0 0.198317 0.0144231 0.0168269 0.0144231
0 0.855769 0.0576923 0.0144231 0.0144231
0 0.0132212 0.919471 0.0120192 0.0120192
0 0.382212 0.530048 0.0144231 0.0120192
0 0.862981 0.461538 0.0240385 0.0240385
0 0.421875 0.375 0.0168269 0.0144231
0 0.269231 0.411058 0.0144231 0.0144231
0 0.936298 0.872596 0.127404 0.139423
0 0.927885 0.824519 0.0480769 0.0480769
0 0.899038 0.34976 0.0144231 0.0120192
0 0.727163 0.240385 0.0216346 0.0192308
0 0.134615 0.0625 0.0528846 0.0480769
0 0.0637019 0.418269 0.0456731 0.0432692
0 0.105769 0.959135 0.0817308 0.0673077
0 0.840144 0.239183 0.0168269 0.0168269
0 0.731971 0.177885 0.0168269 0.0144231
0 0.112981 0.24399 0.139423 0.122596
0 0.719952 0.11899 0.0216346 0.0216346
0 0.858173 0.814904 0.0769231 0.0721154
0 0.491587 0.555288 0.0168269 0.0144231
0 0.790865 0.71875 0.0192308 0.0192308
0 0.206731 0.274038 0.0336538 0.0288462
0 0.346154 0.34976 0.0192308 0.0168269
0 0.441106 0.635817 0.0168269 0.0168269
0 0.84976 0.572115 0.03125 0.0288462
0 0.510817 0.248798 0.0168269 0.0168269
0 0.147837 0.195913 0.295673 0.387019
0 0.264423 0.100962 0.0192308 0.0144231
0 0.83774 0.766827 0.0120192 0.0144231
0 0.139423 0.824519 0.0240385 0.0192308
0 0.992788 0.579327 0.0144231 0.0288462
0 0.923077 0.691106 0.0144231 0.0120192
0 0.739183 0.27524 0.0168269 0.0168269
0 0.40625 0.864183 0.0144231 0.0120192
0 0.741587 0.132212 0.0216346 0.0192308
0 0.80649 0.731971 0.0264423 0.0264423
0 0.421875 0.350962 0.0168269 0.0144231
0 0.742788 0.882212 0.0240385 0.0240385
0 0.384615 0.325721 0.0192308 0.0168269
0 0.179087 0.754808 0.0745192 0.0673077
0 0.664663 0.740385 0.0168269 0.0144231
0 0.420673 0.331731 0.0192308 0.0144231
0 0.81851 0.741587 0.0168269 0.0168269
0 0.635817 0.426683 0.0168269 0.0168269
0 0.325721 0.0973558 0.03125 0.0264423
0 0.93149 0.41226 0.0168269 0.0168269
0 0.122596 0.140625 0.0192308 0.0168269
0 0.897837 0.216346 0.0216346 0.0192308
0 0.401442 0.0685096 0.0192308 0.0168269
0 0.0625 0.361779 0.0528846 0.0504808
0 0.145433 0.540865 0.0216346 0.0192308
0 0.909856 0.0576923 0.0168269 0.0144231
0 0.450721 0.0168269 0.0168269 0.0144231
0 0.145433 0.0408654 0.0264423 0.0240385
0 0.930288 0.467548 0.0288462 0.0264423
0 0.498798 0.528846 0.0168269 0.0144231
0 0.716346 0.189904 0.0288462 0.0288462
0 0.109375 0.299279 0.03125 0.03125
0 0.948317 0.971154 0.0360577 0.0336538
0 0.0612981 0.330529 0.03125 0.0264423
0 0.320913 0.438702 0.0168269 0.0168269
0 0.177885 0.873798 0.0240385 0.0216346
0 0.0180288 0.355769 0.0360577 0.0384615
0 0.219952 0.697115 0.0168269 0.0144231
0 0.367788 0.305288 0.0192308 0.0192308
0 0.175481 0.472356 0.0576923 0.0504808
0 0.046875 0.0949519 0.0264423 0.0216346
0 0.0673077 0.046875 0.134615 0.09375
0 0.228365 0.50601 0.110577 0.09375
0 0.135817 0.123798 0.0264423 0.0216346
0 0.78726 0.762019 0.03125 0.0288462
0 0.865385 0.182692 0.0192308 0.0192308
0 0.46875 0.0420673 0.0192308 0.0168269
0 0.990385 0.152644 0.0192308 0.0264423
0 0.430288 0.28726 0.0240385 0.0216346
0 0.552885 0.347356 0.0913462 0.0745192
0 0.478365 0.340144 0.0240385 0.0216346
0 0.819712 0.182692 0.0192308 0.0192308
0 0.887019 0.182692 0.0192308 0.0192308
0 0.213942 0.328125 0.0192308 0.0168269
0 0.967548 0.191106 0.0168269 0.0168269
0 0.117788 0.103365 0.0384615 0.0336538
0 0.248798 0.635817 0.0168269 0.0168269
0 0.884615 0.765625 0.0384615 0.0360577
0 0.765625 0.121394 0.0264423 0.0264423
0 0.991587 0.784856 0.0168269 0.0216346
0 0.304087 0.492788 0.0841346 0.0721154
0 0.832933 0.0432692 0.03125 0.0288462
0 0.457933 0.331731 0.03125 0.0288462
0 0.259615 0.72476 0.0240385 0.0216346
0 0.986779 0.719952 0.0168269 0.0168269
0 0.296875 0.217548 0.0264423 0.0264423
0 0.917067 0.215144 0.0168269 0.0168269
0 0.192308 0.579327 0.0288462 0.0288462
0 0.88101 0.383413 0.0216346 0.0168269
0 0.0540865 0.0576923 0.0408654 0.0336538
0 0.594952 0.183894 0.0216346 0.0216346
0 0.47476 0.471154 0.0216346 0.0192308
0 0.0348558 0.882212 0.0360577 0.0336538
0 0.294471 0.545673 0.132212 0.110577
0 0.383413 0.433894 0.0216346 0.0216346
0 0.933894 0.234375 0.0168269 0.0168269
0 0.34976 0.394231 0.03125 0.0288462
0 0.15024 0.354567 0.108173 0.0985577
0 0.629808 0.987981 0.0336538 0.0240385
0 0.426683 0.52524 0.0264423 0.0264423
0 0.258413 0.270433 0.0697115 0.0649038
0 0.438702 0.0456731 0.03125 0.0288462
0 0.367788 0.486779 0.0336538 0.03125
0 0.841346 0.709135 0.0288462 0.0288462
0 0.399038 0.296875 0.0384615 0.0360577
0 0.492788 0.513221 0.0288462 0.0264423
0 0.96875 0.046875 0.0288462 0.0264423
0 0.222356 0.207933 0.0216346 0.0168269
0 0.0685096 0.290865 0.0504808 0.0480769
0 0.0817308 0.13101 0.0192308 0.0168269
0 0.158654 0.40625 0.129808 0.110577
0 0.33774 0.304087 0.0408654 0.0360577
0 0.954327 0.133413 0.0432692 0.0408654
0 0.519231 0.269231 0.125 0.115385
0 0.826923 0.621394 0.0817308 0.0793269
0 0.365385 0.106971 0.427885 0.213942
0 0.68149 0.451923 0.295673 0.269231
0 0.401442 0.877404 0.283654 0.245192
0 0.109375 0.692308 0.21875 0.245192
