0 0.360577 0.38101 0.0384615 0.0360577
0 0.831731 0.320913 0.0144231 0.0120192
0 0.078125 0.625 0.03125 0.0288462
0 0.376202 0.850962 0.0168269 0.0144231
0 0.53726 0.09375 0.03125 0.0288462
0 0.542067 0.957933 0.0408654 0.0360577
0 0.18149 0.323317 0.0168269 0.0168269
0 0.414663 0.24399 0.0168269 0.0120192
0 0.384615 0.939904 0.0240385 0.0192308
0 0.808894 0.00600962 0.0168269 0.0120192
0 0.890625 0.234375 0.0120192 0.0120192
0 0.197115 0.0168269 0.0144231 0.0144231
0 0.322115 0.385817 0.0144231 0.0120192
0 0.780048 0.769231 0.0168269 0.0144231
0 0.0853365 0.191106 0.0504808 0.0456731
0 0.645433 0.192308 0.0168269 0.0144231
0 0.709135 0.548077 0.0192308 0.0144231
0 0.694712 0.814904 0.0673077 0.0673077
0 0.586538 0.317308 0.0192308 0.0144231
0 0.361779 0.995192 0.0168269 0.00961538
0 0.463942 0.626202 0.0192308 0.0168269
0 0.305288 0.402644 0.0144231 0.0120192
0 0.9375 0.0685096 0.0192308 0.0168269
0 0.944712 0.788462 0.0384615 0.0336538
0 0.0721154 0.450721 0.0240385 0.0216346
0 0.598558 0.456731 0.0144231 0.0144231
0 0.670673 0.786058 0.0192308 0.0192308
0 0.652644 0.983173 0.0504808 0.0336538
0 0.932692 0.188702 0.0144231 0.0120192
0 0.399038 0.865385 0.0240385 0.0192308
0 0.513221 0.425481 0.0216346 0.0192308
0 0.944712 0.133413 0.0288462 0.0264423
0 0.492788 0.0444712 0.0144231 0.0120192
0 0.975962 0.0913462 0.0192308 0.0144231
0 0.371394 0.984375 0.0168269 0.0168269
0 0.567308 0.342548 0.0144231 0.0120192
0 0.246394 0.385817 0.0264423 0.0216346
0 0.0444712 0.612981 0.0168269 0.0144231
0 0.947115 0.432692 0.0144231 0.0144231
0 0.276442 0.277644 0.0144231 0.0120192
0 0.584135 0.322115 0.0240385 0.0240385
0 0.585337 0.97476 0.0889423 0.0504808
0 0.46875 0.245192 0.0336538 0.0288462
0 0.328125 0.972356 0.0456731 0.0408654
0 0.361779 0.533654 0.0408654 0.0384615
0 0.352163 0.826923 0.0168269 0.0144231
0 0.926683 0.299279 0.0168269 0.0120192
0 0.0264423 0.602163 0.0336538 0.03125
0 0.0264423 0.0805288 0.0528846 0.103365
0 0.390625 0.31851 0.0360577 0.03125
0 0.989183 0.234375 0.0216346 0.0216346
0 0.0805288 0.323317 0.0456731 0.0456731
0 0.108173 0.402644 0.0144231 0.0120192
0 0.983173 0.757212 0.0336538 0.115385
0 0.504808 0.457933 0.0528846 0.0504808
0 0.534856 0.433894 0.0216346 0.0216346
0 0.177885 0.4375 0.0144231 0.0144231
0 0.460337 0.215144 0.0168269 0.0120192
0 0.581731 0.325721 0.0240385 0.0216346
0 0.622596 0.513221 0.0144231 0.0120192
0 0.415865 0.790865 0.0240385 0.0240385
0 0.382212 0.942308 0.0192308 0.0192308
0 0.24399 0.24399 0.0216346 0.0216346
0 0.430288 0.561298 0.0144231 0.0168269
0 0.923077 0.247596 0.0240385 0.0192308
0 0.700721 0.0649038 0.03125 0.0288462
0 0.71875 0.819712 0.115385 0.0913462
0 0.951923 0.00961538 0.0336538 0.0192308
0 0.745192 0.348558 0.0144231 0.0144231
0 0.91226 0.125 0.03125 0.0288462
0 0.373798 0.817308 0.0168269 0.0144231
0 0.733173 0.519231 0.0432692 0.0384615
0 0.96875 0.225962 0.0144231 0.0144231
0 0.161058 0.622596 0.0384615 0.0336538
0 0.301683 0.0228365 0.194712 0.0456731
0 0.961538 0.850962 0.0384615 0.0336538
0 0.356971 0.977163 0.0168269 0.0120192
0 0.902644 0.6875 0.0264423 0.0240385
0 0.372596 0.835337 0.0144231 0.0168269
0 0.260817 0.883413 0.0168269 0.0168269
0 0.152644 0.501202 0.0168269 0.0168269
0 0.215144 0.814904 0.0168269 0.0144231
0 0.171875 0.30649 0.0168269 0.0168269
0 0.764423 0.0276442 0.0144231 0.0120192
0 0.448317 0.825721 0.0168269 0.0168269
0 0.420673 0.332933 0.0240385 0.0216346
0 0.239183 0.0456731 0.0168269 0.0144231
0 0.576923 0.513221 0.0528846 0.0456731
0 0.539663 0.0949519 0.0264423 0.0216346
0 0.18149 0.645433 0.0168269 0.0168269
0 0.353365 0.930288 0.0673077 0.0528846
0 0.764423 0.0793269 0.0144231 0.0144231
0 0.551683 0.552885 0.0216346 0.0192308
0 0.159856 0.0697115 0.223558 0.139423
0 0.91226 0.758413 0.0504808 0.0456731
0 0.560096 0.209135 0.0769231 0.0625
0 0.602163 0.657452 0.0168269 0.0168269
0 0.875 0.015625 0.0192308 0.0168269
0 0.300481 0.43149 0.0192308 0.0168269
0 0.191106 0.288462 0.0168269 0.0144231
0 0.340144 0.325721 0.0168269 0.0120192
0 0.88101 0.262019 0.0168269 0.0144231
0 0.651442 0.00721154 0.0432692 0.0144231
0 0.847356 0.157452 0.0264423 0.0264423
0 0.151442 0.467548 0.0192308 0.0168269
0 0.0925481 0.253606 0.0168269 0.0168269
0 0.991587 0.15625 0.0168269 0.0192308
0 0.490385 0.620192 0.0625 0.0528846
0 0.0228365 0.266827 0.0216346 0.0240385
0 0.078125 0.137019 0.03125 0.0288462
0 0.552885 0.177885 0.0625 0.0576923
0 0.578125 0.461538 0.0216346 0.0192308
0 0.646635 0.536058 0.0240385 0.0240385
0 0.401442 0.277644 0.0769231 0.0649038
0 0.109375 0.640625 0.0264423 0.0264423
0 0.731971 0.554087 0.03125 0.0264423
0 0.935096 0.0997596 0.0288462 0.0264423
0 0.0432692 0.0204327 0.0288462 0.0264423
0 0.925481 0.00600962 0.0240385 0.0120192
0 0.46875 0.456731 0.0192308 0.0192308
0 0.760817 0.377404 0.0168269 0.0144231
0 0.353365 0.301683 0.0240385 0.0216346
0 0.455529 0.078125 0.0552885 0.0504808
0 0.763221 0.536058 0.0456731 0.0384615
0 0.741587 0.861779 0.0841346 0.0745192
0 0.0504808 0.38101 0.0192308 0.0168269
0 0.992788 0.0288462 0.0144231 0.0192308
0 0.844952 0.573317 0.0168269 0.0168269
0 0.487981 0.356971 0.0384615 0.0360577
0 0.658654 0.569712 0.0769231 0.0721154
0 0.871394 0.221154 0.0216346 0.0192308
0 0.265625 0.399038 0.0168269 0.0144231
0 0.532452 0.807692 0.0264423 0.0240385
0 0.448317 0.889423 0.0168269 0.0144231
0 0.796875 0.647837 0.03125 0.0264423
0 0.203125 0.448317 0.0168269 0.0168269
0 0.811298 0.560096 0.0216346 0.0192308
0 0.390625 0.0889423 0.0216346 0.0192308
0 0.527644 0.346154 0.0360577 0.0336538
0 0.704327 0.485577 0.0961538 0.0817308
0 0.455529 0.0276442 0.0360577 0.03125
0 0.653846 0.903846 0.158654 0.129808
0 0.780048 0.395433 0.0216346 0.0216346
0 0.813702 0.614183 0.0360577 0.03125
0 0.514423 0.379808 0.0432692 0.0384615
0 0.895433 0.486779 0.0697115 0.0649038
0 0.324519 0.241587 0.0576923 0.0504808
0 0.22476 0.591346 0.0504808 0.0432692
0 0.152644 0.354567 0.0889423 0.0793269
0 0.8125 0.03125 0.0384615 0.0336538
0 0.0372596 0.248798 0.03125 0.0264423
0 0.561298 0.13101 0.0360577 0.03125
0 0.308894 0.34375 0.0168269 0.0144231
0 0.59375 0.120192 0.0384615 0.0336538
0 0.852163 0.890625 0.0168269 0.0168269
0 0.768029 0.449519 0.0697115 0.0625
0 0.83774 0.209135 0.0264423 0.0240385
0 0.219952 0.0769231 0.0168269 0.0144231
0 0.75 0.751202 0.100962 0.0793269
0 0.230769 0.955529 0.0432692 0.0408654
0 0.646635 0.393029 0.0240385 0.0216346
0 0.758413 0.00480769 0.0168269 0.00961538
0 0.903846 0.170673 0.0625 0.0576923
0 0.788462 0.0252404 0.0240385 0.0216346
0 0.709135 0.15625 0.0144231 0.0144231
0 0.598558 0.149038 0.0432692 0.0432692
0 0.542067 0.655048 0.0600962 0.0504808
0 0.918269 0.793269 0.0192308 0.0144231
0 0.169471 0.907452 0.03125 0.0264423
0 0.203125 0.930288 0.0216346 0.0192308
0 0.311298 0.865385 0.0168269 0.0144231
0 0.957933 0.355769 0.0168269 0.0144231
0 0.551683 0.463942 0.0360577 0.0336538
0 0.507212 0.893029 0.0192308 0.0168269
0 0.102163 0.769231 0.0168269 0.0144231
0 0.140625 0.492788 0.0168269 0.0144231
0 0.614183 0.384615 0.0504808 0.0432692
0 0.725962 0.0552885 0.0240385 0.0240385
0 0.802885 0.820913 0.0192308 0.0168269
0 0.484375 0.408654 0.0552885 0.0480769
0 0.543269 0.328125 0.0288462 0.0264423
0 0.411058 0.459135 0.0144231 0.0144231
0 0.828125 0.78726 0.0456731 0.0408654
0 0.730769 0.66226 0.0240385 0.0216346
0 0.594952 0.862981 0.175481 0.153846
0 0.78125 0.682692 0.0192308 0.0192308
0 0.4375 0.373798 0.0625 0.0600962
0 0.134615 0.0192308 0.0192308 0.0192308
0 0.508413 0.69351 0.0793269 0.0745192
0 0.0745192 0.503606 0.0192308 0.0168269
0 0.360577 0.777644 0.0288462 0.0264423
0 0.325721 0.491587 0.0504808 0.0456731
0 0.0961538 0.282452 0.0240385 0.0216346
0 0.842548 0.0516827 0.0456731 0.0408654
0 0.34375 0.199519 0.0480769 0.0480769
0 0.127404 0.30649 0.0576923 0.0552885
0 0.918269 0.580529 0.163462 0.189904
0 0.110577 0.980769 0.0336538 0.0336538
0 0.826923 0.717548 0.0288462 0.0264423
0 0.316106 0.572115 0.0216346 0.0192308
0 0.176683 0.978365 0.0408654 0.0384615
0 0.0961538 0.739183 0.0192308 0.0168269
0 0.663462 0.448317 0.149038 0.132212
0 0.110577 0.509615 0.0192308 0.0192308
0 0.133413 0.532452 0.0216346 0.0216346
0 0.209135 0.0324519 0.0192308 0.0168269
0 0.277644 0.598558 0.0216346 0.0192308
0 0.564904 0.282452 0.0721154 0.0649038
0 0.227163 0.65024 0.0552885 0.0504808
0 0.853365 0.366587 0.0576923 0.0552885
0 0.38101 0.591346 0.0552885 0.0480769
0 0.292067 0.948317 0.0649038 0.0600962
0 0.0408654 0.21875 0.0528846 0.0480769
0 0.760817 0.103365 0.132212 0.110577
0 0.822115 0.41226 0.0673077 0.0600962
0 0.576923 0.0649038 0.0384615 0.0336538
0 0.323317 0.641827 0.0408654 0.0384615
0 0.695913 0.670673 0.0216346 0.0192308
0 0.522837 0.519231 0.0841346 0.0769231
0 0.495192 0.28125 0.0576923 0.0528846
0 0.13101 0.129808 0.0216346 0.0192308
0 0.211538 0.206731 0.0865385 0.0769231
0 0.977163 0.191106 0.0456731 0.0552885
0 0.611779 0.0288462 0.0649038 0.0576923
0 0.0492788 0.842548 0.0649038 0.0600962
0 0.639423 0.637019 0.0721154 0.0673077
0 0.384615 0.691106 0.206731 0.161058
0 0.358173 0.128606 0.0769231 0.0697115
0 0.15024 0.685096 0.0889423 0.0817308
0 0.127404 0.891827 0.0913462 0.0865385
0 0.449519 0.492788 0.0769231 0.0721154
0 0.149038 0.46875 0.298077 0.336538
0 0.460337 0.948317 0.141827 0.103365
0 0.866587 0.963942 0.132212 0.0721154
0 0.240385 0.728365 0.144231 0.129808
0 0.498798 0.137019 0.09375 0.0913462
0 0.597356 0.713942 0.117788 0.105769
0 0.703125 0.259615 0.165865 0.158654
