0 0.0612981 0.507212 0.03125 0.0240385
0 0.382212 0.288462 0.0240385 0.0240385
0 0.203125 0.657452 0.0504808 0.0456731
0 0.15625 0.542067 0.100962 0.0841346
0 0.918269 0.609375 0.0144231 0.0120192
0 0.817308 0.707933 0.0432692 0.0408654
0 0.0985577 0.245192 0.0192308 0.0192308
0 0.0432692 0.637019 0.0336538 0.0288462
0 0.409856 0.990385 0.0168269 0.0144231
0 0.540865 0.308894 0.0288462 0.0264423
0 0.600962 0.844952 0.0144231 0.0120192
0 0.836538 0.459135 0.0144231 0.0144231
0 0.0769231 0.246394 0.0192308 0.0168269
0 0.769231 0.521635 0.0288462 0.0240385
0 0.65625 0.169471 0.0144231 0.0120192
0 0.706731 0.179087 0.0144231 0.0120192
0 0.870192 0.326923 0.0336538 0.0288462
0 0.932692 0.34976 0.0288462 0.0264423
0 0.53125 0.558894 0.0144231 0.0120192
0 0.950721 0.651442 0.0408654 0.0384615
0 0.917067 0.389423 0.0168269 0.0144231
0 0.245192 0.0685096 0.0432692 0.0408654
0 0.0144231 0.304087 0.0288462 0.0600962
0 0.0709135 0.638221 0.0264423 0.0216346
0 0.135817 0.289663 0.03125 0.0264423
0 0.0661058 0.305288 0.0456731 0.0432692
0 0.653846 0.293269 0.0144231 0.0144231
0 0.222356 0.0252404 0.0504808 0.0456731
0 0.959135 0.498798 0.0192308 0.0168269
0 0.954327 0.780048 0.0144231 0.0120192
0 0.507212 0.5 0.0769231 0.0721154
0 0.504808 0.753606 0.0673077 0.0649038
0 0.365385 0.0588942 0.0240385 0.0264423
0 0.364183 0.0612981 0.0216346 0.0168269
0 0.295673 0.34375 0.0192308 0.0144231
0 0.878606 0.651442 0.03125 0.0288462
0 0.0168269 0.59976 0.0336538 0.03125
0 0.78125 0.046875 0.0144231 0.0120192
0 0.816106 0.955529 0.204327 0.0889423
0 0.748798 0.69351 0.0120192 0.0120192
0 0.780048 0.323317 0.0168269 0.0168269
0 0.644231 0.677885 0.0432692 0.0384615
0 0.872596 0.676683 0.0384615 0.0360577
0 0.664663 0.046875 0.0168269 0.0120192
0 0.479567 0.139423 0.0168269 0.0144231
0 0.671875 0.449519 0.0168269 0.0144231
0 0.144231 0.84375 0.0144231 0.0144231
0 0.834135 0.270433 0.0576923 0.0504808
0 0.00841346 0.572115 0.0168269 0.0576923
0 0.0853365 0.134615 0.0168269 0.0144231
0 0.0889423 0.838942 0.0336538 0.0288462
0 0.99399 0.745192 0.0120192 0.0528846
0 0.430288 0.823317 0.0192308 0.0216346
0 0.114183 0.56851 0.0264423 0.0216346
0 0.84976 0.71274 0.0408654 0.0360577
0 0.0625 0.177885 0.0144231 0.0144231
0 0.195913 0.872596 0.0504808 0.0480769
0 0.69351 0.512019 0.0168269 0.0144231
0 0.0540865 0.334135 0.0168269 0.0144231
0 0.358173 0.463942 0.0144231 0.0144231
0 0.0865385 0.717548 0.0288462 0.0264423
0 0.00841346 0.0372596 0.0168269 0.0649038
0 0.0276442 0.00961538 0.0216346 0.0192308
0 0.326923 0.986779 0.0144231 0.0120192
0 0.956731 0.00360577 0.0192308 0.00721154
0 0.75 0.960337 0.0480769 0.0456731
0 0.950721 0.204327 0.0216346 0.0192308
0 0.0360577 0.930288 0.0336538 0.0288462
0 0.989183 0.853365 0.0216346 0.0336538
0 0.257212 0.270433 0.0144231 0.0120192
0 0.776442 0.448317 0.0144231 0.0120192
0 0.745192 0.504808 0.0336538 0.0288462
0 0.225962 0.354567 0.0144231 0.0120192
0 0.551683 0.13101 0.0649038 0.0552885
0 0.646635 0.158654 0.0192308 0.0192308
0 0.679087 0.514423 0.0168269 0.0144231
0 0.949519 0.762019 0.0384615 0.0336538
0 0.0925481 0.44351 0.0216346 0.0216346
0 0.378606 0.77524 0.0649038 0.0552885
0 0.420673 0.528846 0.0384615 0.0336538
0 0.657452 0.290865 0.09375 0.0865385
0 0.0108173 0.353365 0.0216346 0.0336538
0 0.295673 0.385817 0.0144231 0.0120192
0 0.713942 0.147837 0.0625 0.0552885
0 0.497596 0.484375 0.0144231 0.0120192
0 0.0108173 0.944712 0.0216346 0.0240385
0 0.784856 0.03125 0.0168269 0.0144231
0 0.481971 0.651442 0.891827 0.697115
0 0.0925481 0.480769 0.185096 0.326923
0 0.622596 0.924279 0.0144231 0.0120192
0 0.710337 0.360577 0.0697115 0.0673077
0 0.557692 0.97476 0.0192308 0.0168269
0 0.539663 0.233173 0.0168269 0.0144231
0 0.348558 0.877404 0.0144231 0.0144231
0 0.817308 0.979567 0.0144231 0.0120192
0 0.90625 0.84375 0.0144231 0.0144231
0 0.780048 0.481971 0.0216346 0.0168269
0 0.707933 0.1875 0.0168269 0.0144231
0 0.141827 0.379808 0.0144231 0.0144231
0 0.396635 0.862981 0.0240385 0.0192308
0 0.152644 0.496394 0.137019 0.0985577
0 0.852163 0.139423 0.0168269 0.0144231
0 0.875 0.164663 0.0144231 0.0120192
0 0.0709135 0.358173 0.0168269 0.0144231
0 0.454327 0.560096 0.0576923 0.0528846
0 0.0480769 0.637019 0.0240385 0.0240385
0 0.342548 0.830529 0.0216346 0.0168269
0 0.354567 0.838942 0.0216346 0.0192308
0 0.950721 0.932692 0.0168269 0.0144231
0 0.584135 0.545673 0.0432692 0.0384615
0 0.870192 0.866587 0.0144231 0.0120192
0 0.426683 0.158654 0.0216346 0.0192308
0 0.046875 0.135817 0.0168269 0.0120192
0 0.671875 0.365385 0.0168269 0.0144231
0 0.471154 0.746394 0.788462 0.502404
0 0.278846 0.543269 0.0240385 0.0240385
0 0.811298 0.192308 0.0360577 0.0336538
0 0.441106 0.620192 0.0600962 0.0528846
0 0.841346 0.0612981 0.0144231 0.0168269
0 0.59976 0.795673 0.0408654 0.0384615
0 0.9375 0.872596 0.100962 0.0961538
0 0.770433 0.407452 0.0168269 0.0120192
0 0.65625 0.627404 0.0144231 0.0144231
0 0.663462 0.344952 0.0144231 0.0120192
0 0.128606 0.253606 0.0168269 0.0168269
0 0.460337 0.451923 0.0168269 0.0144231
0 0.699519 0.55649 0.0144231 0.0120192
0 0.270433 0.390625 0.199519 0.185096
0 0.492788 0.611779 0.0384615 0.03125
0 0.0300481 0.621394 0.03125 0.0264423
0 0.960337 0.25 0.03125 0.0288462
0 0.533654 0.341346 0.0336538 0.0288462
0 0.466346 0.382212 0.0144231 0.0144231
0 0.913462 0.668269 0.0432692 0.0432692
0 0.66226 0.100962 0.0168269 0.0144231
0 0.289663 0.646635 0.0216346 0.0192308
0 0.394231 0.664663 0.0384615 0.0360577
0 0.715144 0.6875 0.03125 0.0288462
0 0.960337 0.432692 0.0216346 0.0192308
0 0.015625 0.655048 0.03125 0.0600962
0 0.335337 0.420673 0.0264423 0.0288462
0 0.615385 0.826923 0.432692 0.346154
0 0.135817 0.751202 0.0216346 0.0168269
0 0.0228365 0.171875 0.0456731 0.0456731
0 0.0120192 0.734375 0.0240385 0.0264423
0 0.533654 0.581731 0.0144231 0.0144231
0 0.308894 0.752404 0.03125 0.0288462
0 0.375 0.852163 0.0240385 0.0216346
0 0.71875 0.213942 0.0144231 0.0144231
0 0.606971 0.831731 0.0216346 0.0192308
0 0.0240385 0.122596 0.0192308 0.0192308
0 0.564904 0.0432692 0.0144231 0.0144231
0 0.834135 0.330529 0.0384615 0.03125
0 0.427885 0.324519 0.0192308 0.0192308
0 0.519231 0.213942 0.0144231 0.0144231
0 0.802885 0.990385 0.0144231 0.0144231
0 0.771635 0.189904 0.0384615 0.0336538
0 0.460337 0.521635 0.0360577 0.0336538
0 0.0949519 0.782452 0.0264423 0.0264423
0 0.43149 0.391827 0.0360577 0.0288462
0 0.0649038 0.372596 0.0144231 0.0144231
0 0.259615 0.50601 0.0240385 0.0216346
0 0.299279 0.304087 0.0360577 0.03125
0 0.0384615 0.679087 0.0336538 0.03125
0 0.807692 0.820913 0.0192308 0.0168269
0 0.215144 0.784856 0.0264423 0.0216346
0 0.155048 0.895433 0.0456731 0.0408654
0 0.935096 0.3125 0.0336538 0.0336538
0 0.820913 0.0745192 0.247596 0.149038
0 0.68149 0.383413 0.0168269 0.0168269
0 0.83774 0.776442 0.0168269 0.0144231
0 0.786058 0.277644 0.0384615 0.0360577
0 0.388221 0.0228365 0.0168269 0.0168269
0 0.09375 0.93149 0.0336538 0.03125
0 0.688702 0.0252404 0.0456731 0.0408654
0 0.490385 0.354567 0.0240385 0.0216346
0 0.450721 0.897837 0.0697115 0.0600962
0 0.925481 0.616587 0.0192308 0.0168269
0 0.0685096 0.435096 0.0216346 0.0192308
0 0.554087 0.228365 0.0168269 0.0144231
0 0.0252404 0.439904 0.03125 0.0288462
0 0.489183 0.300481 0.0264423 0.0240385
0 0.729567 0.198317 0.0168269 0.0120192
0 0.129808 0.877404 0.0192308 0.0144231
0 0.314904 0.00721154 0.0192308 0.0144231
0 0.454327 0.409856 0.0192308 0.0168269
0 0.0492788 0.401442 0.0168269 0.0144231
0 0.719952 0.322115 0.0168269 0.0144231
0 0.544471 0.723558 0.0408654 0.0336538
0 0.384615 0.399038 0.0144231 0.0144231
0 0.671875 0.46875 0.0168269 0.0144231
0 0.950721 0.129808 0.0408654 0.0384615
0 0.346154 0.519231 0.0144231 0.0144231
0 0.424279 0.5 0.0168269 0.0144231
0 0.960337 0.427885 0.0793269 0.0865385
0 0.516827 0.00721154 0.0384615 0.0144231
0 0.419471 0.960337 0.0889423 0.0745192
0 0.902644 0.334135 0.0408654 0.0384615
0 0.848558 0.932692 0.0144231 0.0144231
0 0.75 0.157452 0.0192308 0.0168269
0 0.94351 0.276442 0.03125 0.0288462
0 0.0300481 0.332933 0.0408654 0.0360577
0 0.329327 0.34976 0.0192308 0.0168269
0 0.762019 0.461538 0.100962 0.0865385
0 0.563702 0.991587 0.0216346 0.0168269
0 0.456731 0.262019 0.0721154 0.0673077
0 0.889423 0.253606 0.0480769 0.0456731
0 0.737981 0.270433 0.0144231 0.0168269
0 0.985577 0.620192 0.0288462 0.0384615
0 0.436298 0.429087 0.0168269 0.0168269
0 0.481971 0.334135 0.0168269 0.0144231
0 0.897837 0.728365 0.0264423 0.0240385
0 0.0444712 0.185096 0.0216346 0.0192308
0 0.0216346 0.893029 0.0192308 0.0168269
0 0.278846 0.617788 0.0144231 0.0144231
0 0.894231 0.929087 0.0192308 0.0168269
0 0.192308 0.981971 0.0384615 0.0360577
0 0.0348558 0.852163 0.0697115 0.132212
0 0.959135 0.570913 0.0384615 0.0360577
0 0.840144 0.0144231 0.0216346 0.0192308
0 0.878606 0.572115 0.0168269 0.0144231
0 0.616587 0.135817 0.0216346 0.0216346
0 0.96274 0.227163 0.0360577 0.03125
0 0.46274 0.483173 0.0360577 0.0336538
0 0.921875 0.920673 0.03125 0.0288462
0 0.736779 0.926683 0.0264423 0.0264423
0 0.515625 0.459135 0.0264423 0.0240385
0 0.418269 0.195913 0.0336538 0.03125
0 0.731971 0.633413 0.0168269 0.0168269
0 0.361779 0.34976 0.0216346 0.0216346
0 0.97476 0.722356 0.0168269 0.0168269
0 0.329327 0.438702 0.0192308 0.0168269
0 0.0805288 0.203125 0.0697115 0.0649038
0 0.716346 0.81851 0.0240385 0.0216346
0 0.789663 0.903846 0.0552885 0.0528846
0 0.939904 0.610577 0.120192 0.115385
0 0.170673 0.941106 0.0432692 0.0408654
0 0.864183 0.784856 0.03125 0.0264423
0 0.114183 0.591346 0.0360577 0.0336538
0 0.919471 0.463942 0.0504808 0.0432692
0 0.695913 0.272837 0.0216346 0.0216346
0 0.777644 0.159856 0.0168269 0.0168269
0 0.513221 0.540865 0.0408654 0.0384615
0 0.74399 0.173077 0.0216346 0.0192308
0 0.409856 0.688702 0.0456731 0.0408654
0 0.216346 0.689904 0.0192308 0.0192308
0 0.883413 0.38101 0.0456731 0.0408654
0 0.441106 0.0649038 0.0360577 0.0336538
0 0.38101 0.0661058 0.0600962 0.0552885
0 0.908654 0.507212 0.0576923 0.0528846
0 0.871394 0.979567 0.0216346 0.0216346
0 0.510817 0.0564904 0.0168269 0.0168269
0 0.19351 0.09375 0.0697115 0.0625
0 0.173077 0.405048 0.0625 0.0600962
0 0.612981 0.389423 0.120192 0.100962
0 0.222356 0.207933 0.21875 0.209135
