0 0.366587 0.295673 0.0168269 0.0144231
0 0.709135 0.00480769 0.0144231 0.00961538
0 0.770433 0.615385 0.0168269 0.0144231
0 0.995192 0.980769 0.00961538 0.0336538
0 0.65625 0.313702 0.0384615 0.0360577
0 0.774038 0.740385 0.0625 0.0576923
0 0.153846 0.918269 0.0144231 0.0144231
0 0.00360577 0.34976 0.00721154 0.0168269
0 0.685096 0.432692 0.0288462 0.0240385
0 0.856971 0.713942 0.0264423 0.0240385
0 0.563702 0.407452 0.03125 0.03125
0 0.549279 0.609375 0.0408654 0.0360577
0 0.359375 0.365385 0.0168269 0.0144231
0 0.834135 0.768029 0.0144231 0.0120192
0 0.197115 0.481971 0.0432692 0.0408654
0 0.53125 0.225962 0.0144231 0.0144231
0 0.667067 0.317308 0.0649038 0.0576923
0 0.0829327 0.495192 0.0168269 0.0144231
0 0.850962 0.0168269 0.0288462 0.0240385
0 0.294471 0.44351 0.0120192 0.0120192
0 0.996394 0.769231 0.00721154 0.0192308
0 0.307692 0.225962 0.0144231 0.0144231
0 0.679087 0.861779 0.0360577 0.03125
0 0.647837 0.953125 0.0168269 0.0168269
0 0.219952 0.990385 0.0552885 0.0192308
0 0.611779 0.835337 0.0120192 0.0120192
0 0.96274 0.388221 0.0120192 0.0120192
0 0.94351 0.614183 0.0168269 0.0168269
0 0.189904 0.240385 0.0144231 0.0144231
0 0.659856 0.316106 0.0456731 0.0456731
0 0.574519 0.992788 0.0769231 0.0144231
0 0.770433 0.34375 0.0504808 0.0384615
0 0.706731 0.0588942 0.0240385 0.0216346
0 0.971154 0.451923 0.0240385 0.0240385
0 0.677885 0.893029 0.0384615 0.0360577
0 0.802885 0.186298 0.0336538 0.03125
0 0.748798 0.653846 0.0216346 0.0192308
0 0.557692 0.905048 0.0144231 0.0120192
0 0.356971 0.441106 0.0264423 0.0264423
0 0.617788 0.0516827 0.0336538 0.03125
0 0.965144 0.936298 0.0697115 0.0697115
0 0.108173 0.194712 0.0144231 0.0144231
0 0.0240385 0.689904 0.0144231 0.0144231
0 0.575721 0.566106 0.03125 0.0264423
0 0.782452 0.323317 0.0456731 0.0360577
0 0.274038 0.30649 0.0192308 0.0168269
0 0.610577 0.966346 0.0144231 0.0144231
0 0.0492788 0.328125 0.0168269 0.0168269
0 0.882212 0.625 0.0288462 0.0288462
0 0.225962 0.247596 0.0144231 0.0144231
0 0.495192 0.6875 0.0192308 0.0192308
0 0.651442 0.741587 0.0144231 0.0120192
0 0.435096 0.835337 0.0288462 0.0264423
0 0.924279 0.602163 0.0360577 0.03125
0 0.772837 0.340144 0.0600962 0.0408654
0 0.171875 0.46274 0.0168269 0.0168269
0 0.507212 0.486779 0.0144231 0.0120192
0 0.206731 0.759615 0.0144231 0.0144231
0 0.6875 0.176683 0.0192308 0.0168269
0 0.694712 0.13101 0.0336538 0.03125
0 0.213942 0.0997596 0.0192308 0.0168269
0 0.759615 0.448317 0.0673077 0.0600962
0 0.435096 0.490385 0.0144231 0.0144231
0 0.383413 0.983173 0.0168269 0.0144231
0 0.888221 0.674279 0.0168269 0.0168269
0 0.75601 0.378606 0.0168269 0.0168269
0 0.350962 0.991587 0.0480769 0.0168269
0 0.69351 0.508413 0.0408654 0.0408654
0 0.205529 0.647837 0.0168269 0.0168269
0 0.307692 0.258413 0.0144231 0.0120192
0 0.991587 0.891827 0.0168269 0.0913462
0 0.519231 0.504808 0.0288462 0.0288462
0 0.544471 0.38101 0.0408654 0.0360577
0 0.543269 0.451923 0.0288462 0.0288462
0 0.651442 0.516827 0.0240385 0.0240385
0 0.0168269 0.953125 0.0336538 0.0793269
0 0.300481 0.43149 0.0192308 0.0168269
0 0.771635 0.811298 0.0625 0.0600962
0 0.757212 0.877404 0.0144231 0.0144231
0 0.371394 0.251202 0.0504808 0.0504808
0 0.240385 0.235577 0.0144231 0.0144231
0 0.213942 0.111779 0.0192308 0.0168269
0 0.578125 0.957933 0.0168269 0.0168269
0 0.905048 0.784856 0.03125 0.03125
0 0.975962 0.137019 0.0288462 0.0288462
0 0.652644 0.283654 0.0168269 0.0144231
0 0.227163 0.519231 0.0264423 0.0240385
0 0.991587 0.253606 0.0168269 0.0168269
0 0.594952 0.938702 0.0168269 0.0168269
0 0.03125 0.467548 0.0288462 0.0264423
0 0.860577 0.612981 0.0192308 0.0192308
0 0.841346 0.385817 0.0192308 0.0168269
0 0.719952 0.731971 0.0552885 0.0504808
0 0.592548 0.967548 0.0168269 0.0168269
0 0.125 0.669471 0.0144231 0.0120192
0 0.0492788 0.972356 0.0360577 0.03125
0 0.385817 0.40625 0.0168269 0.0144231
0 0.725962 0.0540865 0.0192308 0.0168269
0 0.0697115 0.878606 0.139423 0.151442
0 0.342548 0.501202 0.0216346 0.0168269
0 0.0108173 0.0576923 0.0168269 0.0144231
0 0.728365 0.397837 0.0432692 0.0360577
0 0.813702 0.629808 0.0168269 0.0144231
0 0.236779 0.747596 0.0216346 0.0192308
0 0.942308 0.0204327 0.0288462 0.0264423
0 0.75601 0.877404 0.122596 0.100962
0 0.816106 0.00600962 0.0168269 0.0120192
0 0.246394 0.615385 0.0168269 0.0144231
0 0.0324519 0.41226 0.0168269 0.0168269
0 0.896635 0.467548 0.206731 0.338942
0 0.792067 0.52524 0.0793269 0.0697115
0 0.153846 0.65625 0.0144231 0.0144231
0 0.921875 0.266827 0.0216346 0.0192308
0 0.949519 0.38101 0.0192308 0.0168269
0 0.730769 0.324519 0.0384615 0.0336538
0 0.376202 0.649038 0.0168269 0.0144231
0 0.227163 0.00360577 0.0216346 0.00721154
0 0.674279 0.733173 0.0216346 0.0192308
0 0.545673 0.978365 0.0240385 0.0192308
0 0.188702 0.623798 0.0168269 0.0168269
0 0.403846 0.407452 0.0192308 0.0168269
0 0.336538 0.66226 0.0240385 0.0216346
0 0.263221 0.252404 0.0168269 0.0144231
0 0.71274 0.663462 0.0552885 0.0480769
0 0.246394 0.288462 0.0216346 0.0192308
0 0.550481 0.948317 0.0240385 0.0216346
0 0.835337 0.598558 0.0216346 0.0192308
0 0.588942 0.00480769 0.0336538 0.00961538
0 0.235577 0.311298 0.0192308 0.0168269
0 0.844952 0.301683 0.0216346 0.0216346
0 0.469952 0.0588942 0.122596 0.103365
0 0.991587 0.282452 0.0168269 0.0216346
0 0.711538 0.203125 0.0192308 0.0168269
0 0.175481 0.384615 0.0432692 0.0384615
0 0.397837 0.670673 0.0504808 0.0480769
0 0.109375 0.71274 0.0168269 0.0168269
0 0.759615 0.502404 0.0913462 0.0817308
0 0.304087 0.418269 0.0216346 0.0192308
0 0.643029 0.436298 0.0456731 0.0408654
0 0.814904 0.454327 0.0576923 0.0480769
0 0.66226 0.800481 0.0264423 0.0240385
0 0.800481 0.372596 0.0432692 0.0384615
0 0.992788 0.739183 0.0144231 0.0168269
0 0.0877404 0.719952 0.0168269 0.0168269
0 0.30649 0.466346 0.0264423 0.0240385
0 0.936298 0.248798 0.03125 0.0264423
0 0.84375 0.628606 0.0240385 0.0216346
0 0.28125 0.415865 0.0288462 0.0288462
0 0.675481 0.262019 0.0576923 0.0480769
0 0.104567 0.578125 0.0408654 0.0360577
0 0.138221 0.59976 0.03125 0.0264423
0 0.372596 0.709135 0.0432692 0.0384615
0 0.284856 0.923077 0.0216346 0.0192308
0 0.260817 0.310096 0.0168269 0.0144231
0 0.121394 0.18149 0.0216346 0.0216346
0 0.30649 0.210337 0.0168269 0.0168269
0 0.370192 0.538462 0.0192308 0.0144231
0 0.289663 0.759615 0.0649038 0.0625
0 0.973558 0.503606 0.0192308 0.0168269
0 0.270433 0.286058 0.0264423 0.0240385
0 0.0180288 0.215144 0.0168269 0.0168269
0 0.21274 0.90625 0.0600962 0.0528846
0 0.316106 0.502404 0.0649038 0.0576923
0 0.788462 0.230769 0.0192308 0.0144231
0 0.885817 0.627404 0.0360577 0.0336538
0 0.221154 0.403846 0.0192308 0.0192308
0 0.0336538 0.234375 0.0192308 0.0168269
0 0.314904 0.397837 0.0288462 0.0264423
0 0.825721 0.705529 0.0504808 0.0456731
0 0.0685096 0.191106 0.0168269 0.0168269
0 0.157452 0.959135 0.0456731 0.0432692
0 0.0925481 0.153846 0.0264423 0.0240385
0 0.939904 0.21875 0.0528846 0.0480769
0 0.776442 0.700721 0.0528846 0.0504808
0 0.19351 0.430288 0.0456731 0.0432692
0 0.53726 0.0252404 0.0793269 0.0504808
0 0.695913 0.83774 0.0552885 0.0552885
0 0.862981 0.55649 0.0673077 0.0600962
0 0.637019 0.221154 0.0240385 0.0240385
0 0.0697115 0.046875 0.0288462 0.0264423
0 0.0949519 0.786058 0.0216346 0.0192308
0 0.879808 0.824519 0.0240385 0.0240385
0 0.149038 0.576923 0.0528846 0.0480769
0 0.341346 0.923077 0.0769231 0.0721154
0 0.217548 0.197115 0.0264423 0.0240385
0 0.870192 0.0973558 0.158654 0.146635
0 0.272837 0.975962 0.0552885 0.0480769
0 0.145433 0.46875 0.0264423 0.0240385
0 0.948317 0.842548 0.0649038 0.0600962
0 0.417067 0.975962 0.0552885 0.0480769
0 0.353365 0.507212 0.706731 0.971154
0 0.0552885 0.133413 0.0432692 0.0408654
0 0.514423 0.90625 0.0673077 0.0625
0 0.257212 0.594952 0.0192308 0.0168269
